0.244205475
-0.106613159
-0.402439117
-0.309555054
0.247657776
0.248245239
0.100009918
-0.003437042
-0.468955994
-0.220672607
-0.10344696
0.020675659
0.444812775
1.017211914
-0.241378784
0.499969482
-0.04826355
-0.886180878
-0.182743073
0.444812775
-0.448272705
0.400009155
-0.213806152
-0.003448486
0.662025452
0.520687103
-0.468940735
-0.479290009
-0.065509796
0.031028748
-0.155158997
-0.165519714
-0.120674133
0.134456635
0.441383362
-0.068969727
0.689632416
-0.110355377
-0.151714325
-0.065502167
0.082740784
0.324134827
-0.113792419
0.568950653
-0.258625031
0.517223358
-0.337909698
0.048274994
-0.672397614
0.134483337
0.624099731
0.344829559
0.54479599
-0.15171051
0.189640045
0.051738739
0.724090576
0.706867218
-0.258590698
1.641307831
0.420665741
0.437911987
1.03442955
0.499988556
-1.091772079
-0.297597885
0.245685577
-0.314888
-0.865110397
0.297599792
-0.401416779
-0.581356049
-0.110713959
-0.01732254
0.224914551
0.221488953
-0.788993835
-0.622867584
0.262989044
-0.04845047
-0.193775177
0.702472687
0.17647171
-0.09343338
-0.505222321
0.128032684
0.017307281
-0.484451294
-0.186878204
0.809745789
0.560592651
-0.04151535
-0.705932617
-0.055374146
-0.491390228
-0.505199432
0.062263489
-0.020759583
-0.07610321
0.062255859
-0.622882843
-0.221439362
0.114189148
0.013820648
-0.366794586
0.259525299
0.221466064
-0.439468384
-0.22146225
0.100341797
0.76820755
-0.546733856
0.117649078
0.249153137
-0.470619202
-0.892807007
0.06924057
0.079574585
0.6990242
0.093410492
0.020778656
0.539802551
-0.162643433
-0.262969971
-0.373729706
-0.166118622
0.328773499
-0.193809509
-0.080913544
-0.180610657
-0.211894989
-0.11114502
0.507110596
-0.298706055
-0.39597702
-0.24659729
0.243133545
0.107673645
0.125049591
0.027786255
0.309131622
0.288280487
-0.250072479
0.607841492
-0.37512207
0.336925507
0.281330109
-0.309146881
-0.159759521
-0.059047699
0.027770996
0.903076172
-0.333427429
-0.510593414
0.211891174
0.871803284
0.125049591
0.232711792
0.145893097
-0.496700287
-0.486282349
0.086841583
-0.329967499
0.048625946
0.389019012
0.659950256
-0.434177399
0.562690735
-0.253566742
-0.621742249
-0.118095398
0.125034332
-0.083351135
-0.712043762
-0.680770874
0.208393097
-0.534908295
0.156303406
-0.277877808
-0.121547699
0.072937012
0.350826263
0.031234741
-0.326480865
-0.027809143
-0.173652649
0.607837677
-0.163234711
0.145866394
0.557308197
-0.254257202
-0.21944809
0.052249908
-0.02438736
0.240337372
0.400569916
-0.111457825
0.059215546
-0.090568542
0.191577911
-0.428447723
0.828983307
-0.282104492
0.215957642
-0.752388
0.055755615
0.034832001
-0.013935089
0.518981934
0.191581726
0.292583466
-0.059215546
0.665267944
0.160224915
-0.445838928
-0.292568207
0.17067337
0.327419281
0.661785126
0.156749725
-1.271347046
0.473690033
0.602611542
-0.651359558
-0.797657013
0.198535919
-0.142795563
-0.254291534
0.480701447
0.424949646
-0.146312714
-0.376178741
0.424945831
0.2159729
0.195037842
0.104511261
-0.006977081
0.853385925
0.052238464
-0.372699738
0.644386292
-0.048748016
-0.05922699
0.571231842
-0.163700104
0.35181427
0.07660675
-0.947399139
-0.034851074
0.525947571
0.424953461
0.543392181
-0.111793518
0.59731102
0.090797424
-0.534410477
-0.059387207
0.810346603
0.649681091
-0.153654099
-1.163158417
0.492509842
0.785892487
0.946601868
-0.220075607
0.069868088
0.29690361
0.377235413
-0.157180786
0.873218536
0.967557907
0.796373367
0.775447845
-1.536893845
0.234022141
-0.373733521
-1.55087471
-0.146696091
-0.069852829
0.761444092
0.674135208
0.943084717
-0.890687943
-0.443603516
-0.901170731
-0.052404404
0.069869995
0.646186829
-1.100278854
-0.314352036
0.017463684
-0.730028152
0.398200989
-0.450584412
-0.338825226
0.632232666
-0.209583282
0.502977371
0.485530853
-0.027954102
0.101289749
1.16664505
-0.478525162
0.363256454
-0.523933411
-0.2305336
-0.206083298
0.034929276
0.681119919
-0.069860458
-0.034929276
0.530916214
0.188632965
0.733509064
0
0.296901703
0.380725861
-0.537921906
-0.461053848
0.855766296
0.336618423
-1.009847641
0.659196854
0.298051834
0.554012299
0.568035126
-0.368167877
0.683746338
-0.771400452
-1.132583618
-0.14727211
-1.227231979
0.655696869
-0.617128372
-0.11571312
-0.518953323
0.368179321
-0.192863464
0.38571167
-0.557516098
0.315580368
0.224399567
-0.213890076
0.143770218
-0.596103668
-0.189329147
-0.178833008
-0.403224945
0.70126915
0.35064888
0.508424759
-0.136743546
-0.056108475
-0.690765381
-0.185846329
0.273509979
0.101680756
-0.564538956
-0.613616943
0.066610336
-0.05257988
0.57856369
-0.841545105
0.19285965
-0.098180771
0.483880997
0.080636978
0.340120316
-0.129732132
0.708311081
-0.508443832
-0.052600861
0.105201721
0.455842972
-0.701288223
0.238428116
0.424274445
0.178833008
-0.34013176
-0.011260986
0.140897751
-0.031694412
0.493190765
-0.158531189
-0.063390732
-0.834918976
0.017606735
-0.648195267
0.221935272
0.380477905
-0.465023041
-0.08455658
0.028177261
-0.137371063
0.299440384
0.088071823
0.440340042
0.510812759
0.299449921
-0.193758011
0.662279129
0.531957626
-0.26068306
-0.33467865
0.739795685
-0.454439163
-0.105693817
-0.126817703
0.563652039
0.257177353
0.271244049
-0.221927643
0.204336166
0.369874954
0.042284012
-0.457979202
-0.630582809
0.225448608
0.221961975
-0.373432159
0.567182541
-0.331144333
0.380472183
-0.317071915
-0.102153778
0.207849503
0.391033173
-0.165582657
0.147964478
-0.190242767
0.669359207
0.214881897
-0.095108032
-0.898324966
-0.105682373
-0.775030136
-0.257164001
-0.112728119
-0.140920639
-0.616491318
1.00399971
-0.338186264
0.140901566
0.056371689
0.137384415
0.516254425
-0.406641006
-0.682420731
0.169710159
-0.102527618
-0.003540039
0.017700195
0.335905075
-0.152042389
0.120214462
-0.597574234
-0.190933228
0.39248085
-0.452610016
0.007089615
-0.604646683
-0.254570007
0.243965149
0.417240143
-0.526830673
-0.099021912
-0.049514771
0.035367966
-0.427845001
0.017673492
-0.212152481
0.106071472
0.318244934
-0.441982269
-0.37128067
0.035367966
0.113142014
-0.247509003
0.067178726
0.738988876
0.031835556
-0.127296448
-0.205085754
-0.130817413
-0.622322083
-0.035367966
0.053049088
-0.473806381
-0.134380341
-0.194488525
-0.466716766
-0.180343628
0.08133316
0.441978455
-0.300537109
-0.396018982
-0.067176819
0.328834534
-0.678905487
-0.053039551
0.070735931
0.519763947
-0.042430878
0.478878021
-0.088680267
0.21282959
-0.354728699
0.280239105
0.021266937
-0.234096527
-0.365375519
0.227043152
-0.638507843
-0.195087433
0.124153137
0.425643921
-0.25182724
-0.25894928
0.170261383
0.173801422
0.436309814
-0.340549469
0.493083954
-0.329891205
-0.039024353
0.25894928
-0.581737518
0.031917572
0.205738068
0.007095337
-0.081581116
0.386642456
-0.085144043
0.592384338
-0.024814606
-0.212844849
-0.092224121
-0.156074524
-0.37247467
0.198669434
-0.205745697
0.024841309
-0.383113861
-0.124141693
0.00353241
-0.152515411
0.354717255
0.035457611
-0.113491058
-0.046127319
-0.248291016
-0.180908203
-0.500133514
-0.099346161
-0.102874756
0.188022614
-0.333457947
0.248310089
0.489517212
-0.223472595
-0.095783234
0.184467316
-0.549808502
0.124141693
-0.443397522
0.127689362
0.404384613
-0.195095062
0.606567383
0.29442215
0.230567932
-0.199356079
0.206489563
-0.679935455
-0.156635284
-0.380905151
-0.153072357
-0.160209656
0.135284424
-0.092563629
-0.056922913
-0.252780914
-0.160182953
0.124591827
-0.145942688
0.388011932
-0.135276794
-0.049835205
0.459217072
-0.053390503
0.19934845
-0.202896118
-0.469909668
-0.149520874
0.099685669
-0.163749695
-0.22069931
0.106781006
-0.064060211
-0.15309906
0.163772583
0.181545258
0.067653656
-0.434329987
-0.056934357
0.281208038
0.284790039
0.302589417
-0.252754211
0.263439178
-0.021377563
-0.615829468
-0.088996887
-0.199352264
-0.08543396
-0.37379837
0.092575073
0.131702423
-0.135257721
0.309684753
-0.302566528
0.388019562
0.103214264
-0.487682343
-0.117469788
0.291900635
-0.185100555
-0.106800079
-0.391597748
0.053401947
-0.211631775
-0.142993927
0.035755157
0
-0.464752197
-0.0572052
0.107276917
-0.02501297
-0.425415039
-0.132289886
-0.110816956
-0.142993927
0.250244141
-0.17874527
0.089359283
-0.278831482
-0.164432526
-0.117973328
-0.10011673
-0.168018341
0.028610229
0.071479797
-0.414676666
0.339630127
0.500473022
-0.07151413
0.057209015
-0.071495056
0.010730743
0.364635468
-0.157295227
-0.500488281
0.050056458
-0.250255585
-0.328872681
0.107242584
0.203762054
-0.414684296
0.17873764
0.218063354
0.121551514
0.264572144
-0.017902374
-0.210910797
-0.057201385
-0.057201385
-0.38609314
0.146591187
-0.021469116
-0.17873764
-0.1251297
0.368221283
0.20734787
0.707817078
0.496921539
-0.543392181
0.589866638
-0.210918427
-0.414699554
0.046478271
0.450431824
0.489757538
0.04291153
0.039310455
-0.536224365
-0.092948914
-0.38375473
-0.215194702
-0.071727753
-0.200847626
-0.358654022
-0.261825562
0.107593536
0.164989471
0.057380676
-0.125537872
0.534408569
0.129112244
-0.017936707
-0.18649292
-0.046630859
0.627662659
-0.251079559
-0.62046051
0.003574371
0.168579102
-0.08965683
0.555896759
0.369419098
0.312042236
-0.408893585
-0.039421082
-0.161403656
0.383747101
0.537975311
0.527236938
-0.326374054
-0.136283875
0.107589722
0.014350891
0.430381775
-0.297679901
0.050197601
-0.014335632
-0.143466949
-0.14345932
-0.642002106
-0.078903198
-0.179317474
-0.035865784
-0.035861969
-0.10760498
0.312026978
-0.233135223
-0.581012726
-0.050205231
0.351486206
-0.089668274
0.405288696
-0.319202423
-0.028697968
0.010765076
-0.010765076
0.096828461
-0.103996277
-0.405284882
0.075309753
0.043048859
0.208732605
-0.169143677
-0.158363342
0.385089874
0.100780487
0.316684723
-0.025173187
0.345508575
-0.118774414
0.010791779
-0.068382263
0.176364899
0.093547821
0.176361084
0
-0.269908905
0.647785187
-0.129554749
0.417469025
0.111572266
-0.370681763
-0.028804779
-0.241111755
-0.118778229
-0.097164154
0.295124054
0.100765228
0.637016296
0.521831512
-0.010791779
-0.439079285
0.093578339
0.410266876
-0.057567596
-0.464263916
-0.187145233
-0.449859619
0.115169525
-0.316719055
0.086391449
0.061172485
-0.338317871
0.018005371
-0.140346527
0.273506165
-0.133159637
-0.071971893
-0.431903839
0.129585266
-0.26991272
0.161949158
-0.079158783
-0.259140015
-0.061195374
-0.115150452
0.24471283
-0.125957489
-0.118755341
0.151157379
-0.251934052
0.539852142
0.165542603
-0.086368561
0.196113586
-0.209487915
-0.086685181
-0.065013885
-0.628456116
-0.130039215
0.010818481
-0.241989136
0.361209869
0.328670502
-0.093914032
0.08669281
0.288944244
0.346748352
-0.209487915
-0.169761658
0.34312439
-0.010822296
-0.176994324
0.3503685
0.028903961
-0.606826782
-0.480377197
0.018058777
-0.115573883
-0.057792664
0.093910217
-0.512901306
-0.628479004
-0.144470215
0.101139069
-0.043331146
-0.021690369
-0.382865906
-0.353961945
-0.028896332
0.245605469
-0.241981506
-0.065021515
0.505661011
-0.270885468
-0.014461517
-0.238365173
0
0.090278625
0.090305328
-0.538162231
0.021652222
-0.007225037
0.025276184
0.411769867
-0.166152954
-0.195034027
0.050575256
-0.397315979
-0.187824249
-0.137264252
0.072242737
0.216705322
0.075866699
-0.39371109
-0.158908844
-0.046951294
0.205429077
-0.356327057
-0.06180191
0.03635025
0.109062195
0.309051514
0.567234039
0.29088974
-0.199989319
0.13451767
-0.167247772
0.254524231
-0.185451508
0.32723999
-0.185428619
-0.45451355
0.378166199
0.254508972
0.214542389
0.22177887
-0.105442047
-0.254505157
-0.058193207
0.152690887
-0.42175293
-0.23632431
-0.192733765
0.210914612
-0.52721405
0.018177032
-0.072723389
0.399936676
-0.145420074
-0.345420837
-0.010913849
-0.15271759
-0.007259369
0.279979706
0.01815033
0.643604279
-0.221813202
-0.319957733
-0.425411224
0.214511871
-0.243598938
0.03635025
-0.047260284
-0.432693481
-0.109073639
0.276332855
0.392700195
0.076335907
0.138175964
-0.21087265
0.225410461
0.367229462
-0.05090332
0.090896606
0.130912781
0.359947205
0.032737732
-0.010227203
-0.036514282
0.350406647
-0.562099457
0.025554657
0.178844452
-0.138694763
-0.131401062
-0.094898224
-0.229930878
0.36498642
0.032848358
-0.21534729
0.456245422
0.492736816
0.657001495
-0.146011353
-0.343101501
0.583999634
-0.766487122
0.27009964
-0.401485443
0.445278168
-0.149646759
0.543830872
-0.485439301
-0.20803833
-0.127750397
-0.354038239
0.076633453
0.010955811
-0.229930878
0.379581451
-0.208045959
0.47448349
0.175209045
-0.408786774
-0.284706116
-0.503673553
-0.189788818
0.058387756
-0.218997955
0
0.15694809
-0.240901947
-0.06570816
0.11681366
-0.354045868
-0.065696716
0.248199463
-0.069347382
-0.029197693
0.098545074
-0.222644806
0.05475235
-0.098567963
-0.14597702
-0.05840683
-0.200744629
-0.186145782
0.003662109
0.083938599
-0.083938599
0.529212952
0.365016937
-0.041389465
-0.435848236
0.073253632
0.212425232
-0.157489777
-0.373588562
0.3332901
-0.124534607
-0.531044006
-0.311325073
-0.073246002
-0.05493927
-0.043949127
-0.036621094
0.183120728
-0.289340973
-0.14283371
0.271011353
-0.300312042
0.10987854
-0.05493927
-0.175815582
-0.30764389
0.201454163
0.062255859
-0.27469635
-0.036628723
0.399227142
0.344264984
0.146507263
-0.227069855
-0.065940857
-0.216079712
0.274692535
-0.227092743
0.582374573
0.003650665
0.047603607
-0.153823853
0.040290833
0.05859375
0.289344788
-0.13917923
0.300323486
-0.303993225
0.146499634
-0.56401825
0.003677368
0.113506317
-0.512737274
-0.146511078
0.157505035
-0.304000854
-0.010986328
0.285682678
0.183124542
-0.010997772
-0.303974152
0.164794922
0.43951416
0.421192169
-0.150154114
-0.087909698
-0.055194855
0
-0.040477753
-0.368015289
-0.12877655
-0.022102356
0.544639587
0.680789948
0.176643372
-0.154563904
0.379051208
0.147197723
0.320156097
0.033115387
-0.452636719
-0.114078522
0.437927246
-0.625595093
0.647663116
-0.172958374
-0.747028351
0.106716156
0.16192627
0.57037735
-0.669734955
-0.198699951
-0.080966949
-0.526252747
-0.161911011
0.003669739
-0.033119202
0.025764465
-0.106723785
-0.264965057
-0.198711395
0.091995239
0.176639557
-0.084632874
-0.419517517
-0.29070282
-0.202404022
-0.253929138
-0.213436127
-0.062561035
0.415840149
-0.007354736
0.180305481
-0.570388794
-0.014713287
0.103042603
0.007354736
0.195022583
-0.007347107
-0.106723785
-0.077274323
-0.261276245
-0.091999054
0.11775589
0.055202484
0.390079498
-0.036811829
-0.165596008
-0.213432312
-0.029441833
0.424724579
-0.066596985
0.170200348
0.170166016
-0.673332214
-0.336669922
0.029594421
-0.458774567
-0.173873901
-0.06659317
-0.13318634
0.270065308
-0.051795959
0.166477203
0.144306183
-0.255283356
0.828735352
-0.136901855
-0.14056778
0.10357666
-0.395858765
-0.3736763
-0.048099518
0.233074188
-0.181278229
0.421760559
0.22939682
-0.111000061
0.455062866
-0.332958221
0.088787079
-0.096183777
0.210868835
-0.440265656
-0.177585602
-0.366268158
0.055488586
0.133190155
-0.369991302
0.118412018
-0.073997498
-0.136886597
0.469867706
-0.414363861
0.033294678
0.077697754
0.347766876
0.192386627
-0.133201599
0.251579285
-0.36624527
-0.114704132
-0.488361359
-0.214588165
-0.10358429
-0.037006378
0.101787567
0.267475128
-0.289772034
0.011146545
-0.063156128
0.03345108
0.282325745
-0.445774078
0.129997253
-0.025993347
0.052017212
-0.278617859
-0.178310394
0.022293091
0.520057678
-0.063144684
0.434616089
-0.096580505
0.011146545
0.0742836
-0.820922852
-0.144878387
-0.066879272
0.022289276
0.141159058
0.156021118
-0.01115036
-0.141147614
-0.092876434
0.234024048
-0.286029816
0.141159058
-0.226585388
-0.416065216
-0.044567108
0.00371933
0.066856384
0.635204315
0.650096893
-0.052013397
0.152282715
0.872982025
0.219161987
-0.26374054
0.278606415
0.364040375
-0.159736633
-0.64263916
-0.267467499
0.858112335
-0.549781799
-0.598083496
-0.09286499
0.802391052
0.211738586
0.304603577
0.044586182
0.17829895
0.605499268
0.542350769
-0.28604126
-1.047546387
0.241443634
0.464344025
-0.011142731
-0.508907318
0.252601624
-0.070587158
-0.225711823
0.440227509
-0.324562073
-1.007335663
0.022384644
-0.361877441
0.387985229
-0.152973175
0.39175415
-0.055965424
-0.171619415
0.503673553
0.693927765
0.268619537
0.078361511
-0.152965546
-0.753631592
0.473808289
0.365608215
-0.887901306
-0.156715393
-0.126842499
0.119377136
-0.410396576
0.003734589
0.242507935
-0.294723511
-0.104476929
0.022396088
0.156677246
0.216396332
0.238788605
-0.179100037
0.145511627
-0.085823059
-0.596923828
-0.46263504
-0.108188629
-0.190258026
0.182796478
-0.014930725
0.231330872
0.003723145
-0.018657684
-0.276077271
-0.093276978
-0.104457855
0.007465363
-0.279792786
-0.097015381
0.51858902
0.179077148
-0.097011566
-0.014923096
-0.544704437
-0.257411957
0.104454041
-0.115646362
-0.037319183
0.126853943
-0.291000366
0.305919647
0.123123169
-0.41545105
-0.340888977
-0.059936523
-0.04870224
0.153587341
0.138618469
-0.074928284
-0.520698547
-0.239757538
0.09740448
-0.04870224
-0.112365723
0.089897156
-0.49823761
-0.176071167
-0.138587952
0.198532104
-0.071170807
-0.056186676
0.014972687
-0.217281342
-0.123580933
-0.168613434
-0.269699097
0.393344879
-0.018741608
0.063709259
0.412044525
0.029968262
0.007480621
-0.561897278
-0.176063538
-0.131118774
0.280956268
-0.116127014
-0.116123199
-0.400829315
-0.194801331
-0.112380981
0.026218414
-0.029960632
-0.134841919
-0.146121979
0.153594971
0.827880859
-0.194782257
-0.528198242
-0.08241272
0.146087646
-0.509464264
-0.191047668
0.029972076
0.235984802
-0.089897156
-0.11239624
0.082439423
-0.089923859
-0.400821686
-0.014976501
0.217247009
-0.07490921
0.022472382
0.206054688
0.296676636
-0.304954529
-0.361473083
0.07529068
0.210865021
0.097881317
-0.105426788
0.417957306
-0.192028046
0
-0.11674118
-0.399089813
-0.350151062
0.101661682
-0.037647247
0.286136627
-0.207092285
0.210842133
-0.150592804
-0.470645905
0.602413177
0.033901215
-0.011291504
-0.304985046
-0.387817383
-0.308731079
-0.067764282
-0.063999176
-0.003772736
-0.176963806
0.067783356
0.410381317
0.192047119
-0.455589294
-0.361434937
-0.011329651
-0.037628174
-0.161911011
-0.022594452
0.01883316
0.176933289
0.071559906
2.021869659
-0.414146423
0.15057373
0.753032684
0.602413177
-0.865962982
0.041416168
-0.436756134
-0.018814087
-0.139335632
0.948814392
-0.263530731
-0.207103729
0.225906372
-0.594867706
-0.346382141
-0.847164154
-0.030147552
-0.105415344
0.090377808
0.215545654
0.351631165
-0.147468567
0.030239105
-0.132331848
-0.487770081
-0.056705475
-0.151256561
-0.064281464
-0.151237488
0.347835541
-0.355426788
-0.181465149
-0.552097321
-0.086940765
-0.04914856
0.102077484
-0.491550446
0.109657288
0.007583618
-0.495365143
-0.018913269
0.060516357
0.495342255
-0.124801636
-0.412143707
-0.249546051
-0.166378021
-0.090751648
0.056732178
-0.200447083
0.714672089
-0.525562286
0.170131683
0.151245117
-0.484008789
0.136135101
-0.423503876
-0.1626091
0.007583618
0.030235291
0.586128235
-0.276062012
-0.226860046
-0.49156189
-0.090763092
-0.234420776
-0.094566345
0.29499054
0.589855194
1.12677002
-0.767543793
-0.068092346
0.699523926
-0.877220154
-0.408378601
-0.306278229
0.090744019
-0.158809662
0.760036469
-0.283588409
0.483970642
0.401939392
0.459278107
-0.827415466
0.007572174
0.129032135
-0.656608582
-0.24672699
0.030376434
-0.318836212
0.030361176
0.79327774
-0.417507172
-0.86920929
-0.174571991
0.041740417
0.034164429
0.132850647
-0.140457153
0.523803711
-0.113864899
1.017234802
-0.01140976
1.351249695
1.047588348
-0.808460236
0.759128571
-0.32264328
-0.466838837
1.442325592
-0.910957336
-0.413711548
-0.835044861
1.525814056
0.125274658
-0.106250763
0.952693939
0.717376709
-0.341598511
-0.971698761
-0.113853455
-0.007606506
-0.759101868
0.087265015
-0.645252228
0.580738068
1.131103516
-1.07416153
0.14422226
-0.54278183
-0.645244598
0.493434906
-0.166984558
0.808444977
0.235340118
-0.717388153
-0.189796448
-0.208740234
-0.049358368
0.29605484
-1.552383423
-0.413726807
0.349201202
-0.13666153
0.163135529
0.133419037
-0.419288635
-0.316383362
0.202045441
-0.743309021
0.095291138
0.09148407
-0.110530853
-0.632770538
0.076236725
-0.411678314
0.114383698
0.335391998
-0.293506622
0.461242676
0.415504456
-0.041927338
-0.015247345
1.498023987
-0.278278351
-0.407848358
0.038131714
0.038124084
-0.689964294
-0.232517242
0.415485382
-0.754722595
1.486579895
0.011474609
0.449768066
-0.785228729
1.585693359
0.07244873
0.735679626
0.716617584
-1.589550018
0.194400787
0.804309845
-0.217258453
0.903377533
-0.209648132
0.952949524
-0.800483704
1.06350708
-0.651817322
-1.650520325
-0.026687622
-0.392620087
0.339244843
0.358360291
-0.827190399
-0.811908722
-0.068618774
-0.487918854
1.566661835
-0.354492188
-0.007629395
0.769981384
0.850028992
-0.392601013
0.057178497
-0.383625031
-0.854621887
-0.525001526
-0.045978546
0.712787628
0.214626312
0.279735565
0.659175873
0.065143585
1.467754364
-0.026802063
0.958061218
-0.555690765
-0.348731995
0.502002716
-0.509670258
1.295288086
0.314247131
1.425617218
0.341072083
0.555709839
-1.295352936
-0.325725555
0.743461609
-1.053874969
-0.210777283
0.467552185
-1.038547516
-0.843097687
0.628490448
1.486915588
0.387050629
-0.463703156
0.298915863
-0.295082092
-0.471374512
-0.586341858
0.674495697
-0.011493683
-0.164794922
-0.241443634
0.578678131
-0.237606049
-0.862232208
-0.3372612
0.084320068
0.528835297
1.149700165
0.180110931
0.160961151
-0.283584595
1.053855896
0.536529541
0.75112915
-1.716869354
0.479019165
-0.321895599
0.919742584
0.567184448
-2.019584656
1.352767944
-1.030883789
-1.088378906
-0.074279785
0.60446167
0.188659668
0.450481415
-0.254116058
-1.721046448
-0.034645081
-0.061584473
-0.019268036
-0.026947021
0.096237183
0.469726563
-0.261806488
1.062667847
0.173240662
-0.242565155
-1.262840271
-0.06546402
-0.719966888
0.111652374
0.442764282
-0.161708832
-0.292613983
-0.408123016
0.023097992
0.223320007
0.211765289
-0.931762695
-0.154003143
0.277210236
-0.458164215
0.762332916
0.107818604
0.030792236
-0.550598145
-0.061573029
-0.169425964
-0.573661804
-0.096263885
-0.084705353
0.450469971
0.912471771
-0.18094635
0.773895264
-0.462017059
-0.31955719
-0.234874725
-0.103946686
0.43120575
0.288780212
-0.0962677
-1.039539337
1.640159607
-0.042358398
0.265693665
0.793109894
-0.153968811
-0.770057678
-0.088546753
0.377296448
0.385025024
-0.153995514
0.847026825
0.154014587
0.252998352
-0.363616943
1.485454559
0.069625854
0.100585938
-0.23210907
1.021270752
0.046417236
0.471950531
-0.889732361
0.998031616
-0.301746368
0.425540924
0.471946716
0.611221313
-1.08316803
-0.502887726
-0.270793915
-0.131526947
-0.6498909
-0.239830017
1.168254852
-0.147006989
0.657642365
-1.021263123
-0.657627106
0.564777374
0.216629028
0.410060883
-1.245639801
-0.061897278
0.711799622
-1.044471741
-0.502895355
0.557052612
0.116043091
-0.26304245
-0.293998718
0.742740631
0.526081085
-0.177932739
-0.131523132
-0.69631958
1.059947968
-0.162475586
-0.332691193
-0.812362671
0.665355682
0.208911896
0.092842102
1.524143219
-0.286243439
-0.843315125
1.709835052
-0.317214966
-0.673099518
-0.479690552
2.251411438
-0.603466034
2.119888306
-1.516422272
-2.259151459
1.694377899
0.80463028
0.041973114
-0.831924438
0.038871765
3.117809296
-1.174041748
0.054424286
2.037078857
0.660881042
1.485012054
2.511352539
0.738624573
2.379177094
1.026298523
-4.42401123
0.334339142
3.607624054
-1.609428406
0.34210968
-1.858249664
1.150714874
2.060375214
-0.435401917
1.694961548
1.088512421
-3.265525818
0.357650757
-1.197364807
-0.808601379
0.124408722
-1.345085144
1.912658691
1.803825378
-0.90190506
0.396522522
0.808612823
1.772693634
-2.169239044
1.492824554
0.878570557
-0.303222656
1.998186111
2.068174362
-1.640546799
-1.819356918
-0.450962067
-1.212913513
-0.412071228
3.078931808
-1.23623085
-0.83971405
0.995189667
-1.150695801
-1.282886505
0.637561798
-0.388751984
0.971885681
-0.334339142
0.559810638
-1.757171631
0.256584167
0.606468201
0.031093597
0.481815338
0.360408783
-0.133205414
-0.352542877
0.258533478
-0.885311127
-0.485752106
-1.010643005
0.007823944
-0.297706604
1.018512726
-0.156711578
0.86964035
0.75995636
-0.047012329
1.104682922
-0.117534637
-0.242870331
1.723594666
-1.284866333
0.564109802
-0.195888519
-0.180187225
-0.383892059
-1.136001587
1.120334625
0.705123901
0.054843903
-0.454421997
0.172359467
-0.517082214
-0.947994232
-0.007823944
1.551254272
-0.195869446
-0.086166382
0.329040527
1.394550323
0.101854324
0.329055786
0.360380173
1.02633667
-1.057666779
0.235029221
0.54842186
0.556257248
1.339708328
0.235040665
-0.595438004
1.128181458
0.007837296
0.32122612
-1.68444252
-0.101848602
-1.159511566
-0.313373566
0.164514542
-0.932308197
-0.650266647
0.313379288
0.650255203
-2.091817856
0.642429352
-0.329763412
-0.79678154
0.615345001
1.128126144
-0.276115417
-0.623216629
-0.954589844
-0.4102211
0.323444366
0.836231232
-0.44966507
-1.317455292
-0.047348022
0.631134033
-0.355014801
-0.575885773
-0.228790283
1.459472656
-0.6547966
0.141998291
-0.236660004
-0.591686249
0.355007172
0.063129425
-0.804679871
0.007888794
-0.197227478
-1.191242218
0.126213074
-0.560108185
0.568004608
-0.812561035
0.631118774
0.094665527
1.025569916
-0.354999542
0.370769501
-1.072898865
-0.007900238
0.205123901
0.646903992
-0.023666382
-0.946681976
0.607433319
-0.441768646
-0.560112
-0.907238007
-0.1498909
0.457565308
-0.370800018
0.070999146
0.102573395
-0.197242737
0.094669342
-0.220870972
-0.03156662
0.875675201
0.512786865
0.047328949
-0.197219849
-0.134109497
1.057128906
0
-0.279865265
-0.832466125
0.071361542
-0.34885025
0.24577713
-0.214073181
0.967243195
0.134796143
0.737312317
0.047569275
-0.071357727
0.087219238
-0.808685303
-0.253696442
-1.078231812
-0.364707947
-0.015857697
-0.420188904
-0.166503906
-0.023777008
-0.903827667
-0.126850128
-0.166481018
0.09513855
0.190280914
-0.420215607
-0.063434601
-0.665958405
-0.150634766
0.095134735
0.277496338
-0.562896729
0.095127106
0.523269653
-0.436050415
-0.356784821
0.372634888
1.046535492
-0.412281036
-0.34091568
-0.38054657
-0.753196716
-0.055488586
-0.079292297
0.031726837
-0.142715454
0.031726837
0.396389008
0.903827667
0.166496277
-0.364692688
-0.515338898
-0.412269592
-0.412273407
-0.428119659
-0.031711578
-0.222000122
-0.206123352
-0.665973663
0.079269409
-0.063411713
0.118907928
-0.253684998
0.443969727
0.455589294
0.270801544
-0.788509369
0.071674347
0.159297943
1.13098526
0.246925354
-0.637180328
-0.621250153
-0.095581055
-0.374351501
-0.294689178
-0.159294128
0.119464874
-0.772575378
-0.151344299
0.326564789
-0.358406067
0.270786285
0.430103302
-0.469924927
0.565505981
0.493808746
0.23097229
0.931880951
-0.844249725
1.15486908
-0.230957031
-0.191165924
-0.071678162
-0.804443359
-0.111495972
-0.963737488
-0.01593399
-0.223018646
0.493808746
-0.25485611
-0.661087036
-0.047786713
0.031845093
0.637207031
0.135391235
-0.517715454
-0.031856537
-0.175224304
0.748687744
-0.111488342
-0.541633606
-0.127426147
0.398231506
-0.326553345
0.055747986
0.461959839
-0.143360138
-0.223007202
-0.223018646
-0.334526062
0.191165924
-0.111507416
0.501777649
-0.270816803
-0.438053131
-0.23085022
-0.152294159
-0.232456207
-0.056095123
0.080158234
0.016021729
0.448856354
-0.753437042
-0.17634201
-0.06413269
-0.192359924
-0.152297974
-0.064144135
0.480953217
-0.432849884
-0.080158234
0.529029846
-0.60918045
0.432842255
0.849647522
1.001934052
-0.192363739
0.200378418
-0.216403961
0.529014587
0.520996094
-0.665283203
-0.569107056
0.224441528
1.386676788
-0.072128296
0.336662292
-0.569107056
0.064113617
-0.464897156
0
-0.737426758
-0.248477936
-0.256496429
-0.160316467
0.072135925
0.545070648
-0.400787354
0.016036987
0
-0.537044525
-0.144287109
-0.056095123
-0.120231628
-0.729415894
-0.008014679
-0.096183777
-0.248477936
-0.176345825
0
0.016021729
-0.384735107
-0.304580688
0.056106567
0.312606812
-0.336662292
-0.336643219
0.280532837
0.083702087
0.008045197
-0.281661987
-0.024150848
0.144863129
-0.346035004
-0.466747284
-0.136806488
0.257514954
-0.112670898
-0.329925537
-0.112663269
-0.048286438
-0.603549957
-0.064357758
0.780574799
-0.128765106
-0.466743469
0.040241241
-0.241420746
-0.337982178
0.177047729
1.20708847
-0.321895599
-0.643787384
0.853023529
-0.659885406
1.20708847
0.394317627
1.617511749
0.877159119
-2.092292786
0.040237427
-0.764507294
0.579421997
0.861045837
-0.03219223
0.667922974
0.329936981
1.786506653
-0.643772125
0.563316345
0
0.185077667
-1.545078278
0.490882874
0.933494568
-1.150772095
-0.241420746
1.601417542
0.716213226
-0.370170593
0.201171875
-1.335845947
-0.273609161
-0.008052826
-1.013957977
0.048282623
-0.080474854
-0.032176971
0.177021027
0.788650513
0.177036285
0.7123909
-0.226425171
0.145565033
1.398918152
0.468990326
0.18598938
0.202152252
-0.129383087
-1.374645233
-0.428577423
-0.339622498
-0.016166687
-0.727752686
0.008087158
-0.040439606
1.309970856
-0.250675201
-0.509441376
0.557952881
-0.978420258
-0.460914612
-0.557945251
0.056591034
0.323459625
0.2345047
-0.04851532
-0.978450775
0.250679016
-0.363880157
0.097042084
0.169803619
-0.242584229
0.291099548
1.366573334
0.250667572
0.169811249
0.040431976
-0.630718231
-0.105129242
0.792453766
0.153636932
0.234493256
0.630722046
-0.137451172
0.26682663
-0.743923187
0.638809204
-0.008075714
-1.269550323
-0.468986511
-0.598384857
0.49325943
-0.234508514
-0.226406097
-0.194076538
-0.582206726
0.008094788
-0.153633118
0.016170502
-0.024261475
-0.768188477
0.113208771
0.250671387
0.404308319
-0.989200592
0.203220367
-0.268238068
0.081279755
0.1056633
-0.211326599
0.422664642
-0.983505249
0.048778534
0.0650177
-0.325130463
-0.073139191
-0.170707703
-0.382007599
0.13004303
-0.040634155
-0.268218994
0.715263367
-0.487689972
-0.081291199
-0.146282196
-0.162582397
0.008140564
0.09752655
0
-0.06502533
-0.008132935
-0.390140533
-0.203197479
-0.975376129
-0.227584839
0.065029144
0.398269653
-0.219455719
0.138168335
0.642131805
0.073154449
0.796554565
-0.081279755
-0.690895081
-0.203197479
-0.00812912
0.715278625
-0.796554565
0.341373444
0.07314682
0.308868408
-1.064769745
-0.650249481
-0.162563324
0.01625061
-0.056892395
-0.146297455
-0.186958313
-0.333259583
-0.016246796
-0.016265869
0.227600098
-0.308876038
-0.09752655
-0.138179779
-0.317001343
-0.201023102
0.073539734
-0.03269577
-0.049026489
-0.081695557
0.065364838
0.024513245
-0.547496796
0.106216431
-0.294158936
0.122573853
0.122570038
-0.040863037
-0.212459564
-0.482120514
0.081718445
-0.351383209
-0.13892746
0.6537323
0.163425446
-0.089859009
-0.302360535
-0.032688141
-0.310535431
-0.163417816
0.980594635
-0.351379395
-0.890697479
0.065383911
-0.122592926
-0.155258179
-0.367721558
-0.27784729
0.147087097
-0.065361023
-0.367698669
-0.147106171
0.179786682
-0.367725372
-0.204292297
-0.106231689
1.217559814
0.465782166
-0.008174896
-0.69455719
-0.302360535
0.947872162
-0.114398956
-1.005104065
0.375904083
0.506649017
-0.498477936
0.081733704
1.070465088
-0.367725372
0.335044861
0.580158234
0.939746857
-0.612854004
-0.253341675
-0.849838257
0.179782867
-0.130760193
-0.522968292
-0.199401855
0.131298065
-0.410301208
-0.418483734
0
-0.270820618
-0.049209595
-0.032829285
-0.147720337
0.16411972
0.237976074
0.20514679
0.475944519
-0.032829285
-0.032844543
-0.270782471
0.67288208
-0.320022583
-0.8123703
-0.278999329
0.057441711
-0.500564575
-0.37745285
-0.172325134
-0.147697449
0.098464966
0.320018768
0.426715851
0.459514618
-0.246189117
-0.303607941
-0.508750916
0.59078598
-0.270740509
0.525173187
0.393867493
0.049221039
-0.541572571
-0.139511108
0.426708221
0.722106934
0.057434082
-0.22977066
-0.336418152
-0.262584686
-0.615432739
1.304718018
0.106666565
0.5744133
0.64006424
0.024608612
0.287200928
-0.385681152
0.779560089
0.008205414
-0.746730804
0.976501465
-0.090263367
-0.172344208
-0.254371643
-0.828762054
0.303588867
0.090270996
0.623802185
-0.461456299
-0.758148193
-0.486206055
-0.502689362
-0.807575226
0.008247375
-0.115398407
-0.618049622
0.412029266
1.063053131
0.24723053
-0.214256287
0.477977753
-0.354362488
0.519168854
-0.93945694
0.032970428
-0.692230225
-0.098892212
0.370845795
0.238983154
1.252593994
0.189525604
0.304912567
0.247219086
1.450363159
-0.296657562
2.694698334
0.21427536
3.518779755
-2.365085602
2.109634399
-2.175559998
-0.329620361
-1.087791443
0.486213684
-0.008243561
2.257957458
0.865272522
-0.008228302
-1.631668091
-0.700466156
0.832321167
-0.81583786
-1.557514191
-0.140071869
-0.206012726
0.585086823
1.400932312
0.31312561
-1.475070953
0.609809875
1.310256958
-0.346103668
-0.494438171
-0.708713531
-0.881736755
-0.247234344
0.543891907
0.181289673
1.656387329
1.516296387
-0.278354645
-1.134975433
-0.621322632
1.134960175
-0.356231689
1.209537506
1.582336426
-1.159843445
-0.969276428
-0.936130524
0.447357178
-1.681747437
-0.041423798
-0.480503082
0.06628418
-0.92786026
1.052120209
-1.027252197
0.687595367
-0.231975555
-0.969261169
-0.878173828
1.085273743
-0.563339233
-1.822582245
-0.049701691
1.383495331
1.416652679
-0.853302002
-1.02728653
0.289974213
-0.273384094
-0.646202087
2.071121216
-0.463935852
-1.043838501
0.530200958
-0.323093414
0.894721985
0.861572266
0.074565887
0.96100235
0.240257263
1.126689911
0.15738678
-1.482913971
-0.157409668
-2.153961182
0
0.024864197
-0.579910278
-0.024841309
-0.140861511
1.217826843
-0.936149597
0.820171356
0.563335419
0.596477509
-0.190532684
-0.173969269
0.604759216
-1.607185364
-0.100818634
-0.549880981
-0.408241272
-0.008327484
0.658187866
-0.5248909
0.24162674
-0.758178711
-0.024990082
-0.241630554
0.124984741
-0.124984741
-0.541526794
-0.099994659
-0.133300781
0.258277893
-0.124977112
-0.666519165
-0.341609955
-0.016628265
-0.016700745
0.008354187
-0.516571045
0.291614532
-0.041667938
0.224952698
0.024997711
-0.649845123
-0.099998474
-0.849826813
0.033325195
-0.133293152
-0.124988556
-0.091632843
0.458240509
-0.441577911
0.083312988
0.249938965
-0.691520691
-0.083305359
0.024993896
0.183292389
-0.324920654
-0.083309174
-0.049999237
-0.166652679
0.383270264
-0.449905396
0.291610718
0.266616821
0.941455841
-0.499908447
-0.599868774
-0.291599274
0.041660309
-1.091449738
0.124984741
-0.349933624
-0.091632843
-0.224960327
0.208309174
0.066627502
0.483222961
-0.241600037
-0.835048676
0.20079422
0.301246643
0.108764648
-0.158985138
-0.510402679
0.200820923
0.677761078
0.04183197
0.702842712
1.112861633
-0.485313416
-0.886928558
0.72794342
0.058570862
-0.895278931
0.209152222
0.343074799
-0.092037201
0.510406494
-0.192440033
-0.870231628
-0.435077667
-0.142253876
0.30960083
-0.384902954
0.133880615
0.527122498
0.995731354
-0.041847229
0.217567444
0.351402283
-0.150600433
0.158996582
0.661010742
0.309581757
0.267753601
0.98733902
0.468578339
-1.029174805
-0.016735077
-0.100406647
-0.108768463
0.133865356
-0.686130524
0.90366745
0.142242432
1.447559357
0.050197601
-0.418365479
-1.288578033
0.066944122
-0.493671417
0.794895172
-0.610797882
0.41835022
-0.585693359
-0.585704803
-0.167362213
-0.610824585
0.108783722
1.313667297
-0.460205078
0.936859131
-0.269130707
-0.54662323
0.117752075
-1.496967316
-0.159744263
-0.479389191
0.243900299
0.555030823
0.142986298
0.521408081
0.04202652
0.22706604
-0.899845123
0.142978668
-0.386863708
-0.420497894
-0.100902557
0.538223267
0.64755249
0.521427155
-0.008426666
-0.87461853
-1.152130127
0.058853149
0.327999115
0.235466003
0.403656006
-1.185775757
-0.151367188
-0.361618042
-0.075675964
-0.050479889
-0.117721558
0.050449371
0.01682663
-0.134563446
-0.462535858
-0.117736816
0.008407593
0.126132965
0.075725555
0.454128265
-0.344802856
0.008369446
0.008430481
-0.075679779
0.454124451
-0.361633301
0.042064667
0
-1.211021423
-0.30273819
0.37002182
-0.134555817
-0.260719299
-0.93346405
-0.336395264
0.260704041
0.109329224
-0.050445557
0.084087372
-0.016822815
0.140285492
0.642250061
0.414093018
-0.616924286
0.287345886
-0.109855652
-0.092956543
-0.228218079
-0.473209381
0.016906738
0.24508667
0.633792877
0.363372803
-0.092945099
0.270412445
-0.507022858
-0.642269135
-0.295791626
0.126773834
1.09015274
0
0.785923004
0.169013977
-0.169013977
0.067592621
-0.033786774
-0.769039154
0.642253876
-0.194358826
-0.4647789
1.385925293
0.769001007
-0.059139252
-0.033813477
0.228176117
0.836612701
0.152118683
-0.32113266
-1.216907501
-0.067581177
-0.152118683
-0.78591156
0.076034546
0.32113266
-0.481693268
-0.354942322
0.016914368
0.270420074
0.084518433
-0.11832428
-0.194347382
-0.177471161
-0.076080322
-0.388721466
-0.025341034
0.354934692
0.261962891
-0.769023895
-0.72674942
0.388725281
-0.344799042
0.536354065
0.21282959
0.297969818
0.051052094
0.672550201
-1.106716156
-1.583473206
0.093669891
-0.323513031
0.170249939
0.170265198
-0.195800781
-0.442687988
-0.008529663
0.068115234
-0.11920166
0.051086426
-0.442695618
-0.178756714
-0.340515137
-0.076652527
-0.07661438
-0.366065979
0.059577942
-0.221328735
0.263900757
0.119186401
-0.638496399
0.698120117
-0.621505737
-0.119186401
0.119186401
-0.400138855
0.034103394
-0.110679626
-0.093673706
-0.085121155
0.076622009
-0.468231201
0.893890381
0.451217651
-0.638496399
1.225914001
-0.417167664
-0.808746338
0.05960083
-0.153236389
-0.306488037
-0.672584534
-0.102104187
-0.161766052
-0.332015991
-0.195831299
0.11920929
-0.127693176
-0.383140564
0.076637268
0.374603271
0.187271118
-0.510780334
0.553359985
-0.422470093
0.230903625
-0.513137817
-0.051322937
-0.239440918
0.367744446
-0.205253601
0.752593994
-0.299339294
0.239448547
-0.419036865
-0.196716309
-0.889373779
-0.265151978
0.248008728
1.701911926
-1.00919342
1.034797668
0.427642822
-0.649978638
-0.290794373
-0.743995667
-0.102645874
-0.282218933
0.128295898
-0.444717407
-0.213829041
0.718399048
-0.72693634
-0.65851593
-0.273658752
-0.39339447
-0.333526611
0.239456177
-0.316444397
-0.017105103
-0.744033813
-0.31640625
0.299331665
-0.744041443
0.008537292
-0.119735718
0.726921082
0.13684845
0.094070435
-0.470352173
0.496009827
-0.299331665
0.974952698
-0.290763855
0.350639343
1.017684937
-0.667060852
-0.889434814
-0.025634766
0.735481262
0.607208252
-1.103240967
0.410499573
-0.504547119
-0.547340393
0.932174683
1.787384033
-0.179595947
0.905647278
-0.696006775
-0.652984619
-0.524162292
0.369476318
-0.59286499
0.077323914
-0.103103638
-0.764724731
-0.386650085
-0.515541077
-0.034385681
-1.065437317
-0.068725586
-0.283569336
0.335105896
-0.240585327
-0.421043396
-0.111679077
-0.163253784
0.137466431
0.300735474
-0.27494812
-0.008613586
0.257774353
-0.077316284
-0.077346802
-0.95375824
-0.034339905
-0.008621216
0.498382568
0.300704956
-0.309326172
0.189033508
0.051551819
-0.163230896
0.395225525
1.117042542
0.240562439
0.498374939
-0.481155396
0.42956543
-0.652984619
-0.309341431
0.189025879
1.314651489
-0.26638031
-0.197616577
0.429626465
-0.369476318
-0.653030396
-0.085914612
-0.060150146
-0.833480835
-0.584243774
-0.197654724
0.232025146
-0.154670715
-0.438217163
-0.403862
-0.893577576
0.120269775
0.515541077
0.346221924
0.120872498
0.138160706
-0.293579102
0.3021698
0.354019165
-0.656188965
0.129524231
0.647537231
-0.552566528
0.682067871
1.001548767
0.05178833
-1.674942017
-0.535324097
-0.336700439
0.58706665
-1.070571899
-0.569854736
-0.552581787
0.043174744
-0.44896698
0.371261597
-0.302177429
-0.284919739
-0.060447693
-0.39717865
0.46622467
0.233139038
-0.103614807
-0.362625122
0.233100891
-0.207199097
1.053352356
-1.044685364
-0.051834106
0.120895386
-0.673454285
-0.379875183
-0.353988647
0.379867554
0.23311615
0.250404358
-0.716621399
-0.397163391
0.086326599
-0.077690125
-0.23311615
0.112220764
0.172691345
0.310821533
0.112236023
0.233131409
-0.82888031
-0.181297302
0.267654419
1.001556396
0.146743774
-0.025917053
-0.561180115
0.241752625
-1.295089722
0.112243652
-0.541603088
-0.486053467
-0.225646973
-0.390586853
0.052085876
-0.026039124
-0.303771973
0.729064941
0.017356873
0.21697998
-0.529441833
-0.060752869
-0.06943512
-0.234336853
1.050193787
-0.902641296
-0.416625977
0.060775757
0.321136475
-0.277755737
-0.156234741
0.720405579
1.787963867
0.520744324
-0.564147949
0.833213806
-0.937355042
0.529426575
1.892120361
-0.598884583
0.121505737
-0.963424683
-1.032836914
-0.095489502
-0.928672791
-0.112846375
-0.503410339
-0.399238586
-0.243026733
0.555480957
-0.555480957
0.069412231
-0.477355957
0.034729004
-0.086799622
-0.442649841
-0.156242371
0.616249084
-1.319267273
-0.017364502
-0.15625
0.026069641
0.060752869
0.477348328
-0.060752869
0.980781555
0.104141235
-0.668304443
-0.72039032
0.486045837
-0.425300598
0.312477112
0.494720459
-0.29901886
0.706123352
0.174339294
-0.374839783
-0.828163147
-0.662506104
-0.270240784
0.235389709
1.176818848
1.011222839
-0.366119385
-1.002510071
1.865524292
0.81942749
-0.557891846
-0.56665802
-0.871734619
-0.165618896
-0.340003967
-0.435844421
0.217941284
-0.113342285
0.828147888
-0.122055054
-0.418418884
-0.313819885
-0.026138306
0.069725037
-0.139465332
0.784545898
-0.392280579
0.226669312
-0.209236145
-0.958885193
0.052284241
0.470741272
0.784568787
-0.357421875
-0.392280579
0.636367798
-0.653808594
-0.287666321
-0.444587708
-0.566627502
0.095878601
-0.461997986
-0.017448425
-0.104598999
0.034843445
-0.183052063
-0.706085205
-0.453300476
-0.148223877
0.017440796
0.296401978
0.627632141
-0.287658691
-0.069740295
-0.313819885
-0.653808594
-0.104621887
-0.209205627
0.026153564
0.621498108
-0.446418762
0.052497864
-0.236335754
-0.034996033
-0.639015198
0.052520752
-0.472671509
0.472671509
0.682754517
-0.385124207
0.39389801
-0.078773499
-0.428947449
0.227622986
-0.227622986
1.032905579
-0.954093933
0.21006012
-0.455162048
-0.210090637
-0.017501831
0.472694397
0.026245117
0.323890686
-0.061294556
1.811927795
0.2188797
-0.595252991
0.770294189
-0.017501831
0.455177307
-0.997879028
-0.315139771
0.157577515
-0.621505737
-0.385131836
-0.008758545
-0.796524048
-0.446464539
-0.21006012
-0.201316833
0.131256104
-0.472663879
-0.166290283
0.052505493
0.096298218
-0.271377563
-0.070022583
0.096313477
0.192558289
-0.420166016
0.183837891
0.638977051
-0.341362
-0.166313171
0.586448669
0.236358643
-0.639007568
-0.096321106
-0.463874817
0.175064087
0.840309143
0.57774353
-0.699081421
1.415718079
-0.721054077
0.158279419
0.422073364
1.169517517
-0.043968201
-0.984848022
0.175857544
1.371757507
-1.450897217
1.82900238
1.081588745
1.371765137
-0.263793945
0.474838257
-0.184669495
-0.923309326
-0.852935791
-1.7059021
0.685874939
-1.055206299
-0.615509033
0.123085022
-1.151924133
0.13192749
-0.554008484
-1.072776794
-0.052764893
0.334152222
-0.430862427
-0.448478699
-0.070358276
-0.28137207
-0.087928772
0.017578125
0.017593384
-0.008789063
0.008789063
-0.545166016
0.23739624
-0.263793945
-0.492416382
-0.342948914
0.017578125
-0.211021423
0.334136963
0.791412354
-0.580352783
-0.422080994
0.114273071
-0.211006165
0.668281555
-0.052772522
1.530059814
-0.422088623
1.450912476
0.659492493
0.668289185
-1.916938782
-2.163162231
-0.386894226
-0.372154236
-0.212181091
-0.026504517
-0.282875061
-0.203292847
0.468482971
0.937026978
0.070701599
1.608833313
0.901634216
-1.087287903
-1.626502991
0.777915955
0.662971497
0.212142944
0.503868103
0.928161621
-1.202194214
-0.132583618
-0.415473938
-1.405509949
0.424301147
-0.388946533
1.096122742
1.255233765
-0.87512207
1.255233765
-1.025398254
-1.414367676
0.327079773
-1.025398254
0.282844543
0.468528748
-0.954704285
-0.044189453
-0.910484314
-0.450836182
-0.150260925
-0.053031921
0.026504517
-0.539207458
0.008827209
-0.220985413
0.035354614
0.06187439
0.34475708
-0.592262268
0.397781372
0.388938904
-0.150276184
1.334831238
-0.353599548
1.449699402
0.070709229
-1.175674438
0.530380249
-1.184524536
0.185646057
-1.096130371
0.344749451
-0.804405212
0.167953491
0.512710571
1.502670288
0.186500549
-0.257545471
-1.207824707
0.87033844
0.177612305
-0.301940918
-0.657196045
0.319702148
-0.40851593
-0.337471008
-0.452957153
0.381881714
-0.142097473
-0.488441467
0.044403076
1.127876282
-0.781524658
0.026649475
-0.40851593
-0.301971436
-0.106575012
0.506210327
-0.257530212
0.426269531
1.047988892
-0.879249573
-0.337478638
1.154533386
0.266448975
-0.364128113
-1.207824707
0.408546448
0.284187317
-0.053321838
-0.959144592
-0.115455627
-0.364097595
0.044403076
0.062171936
-0.248680115
0.186508179
1.021316528
-0.888114929
0.088821411
0.657211304
-0.2397995
0.071044922
-0.337471008
0.781517029
0.079925537
0.595054626
0.079910278
-1.172309875
-0.275306702
0.639450073
0.44405365
-0.532875061
-0.159858704
-0.959136963
0.426261902
-0.59500885
-0.097709656
0.746032715
0.301956177
0.055290222
2.033569336
-0.258636475
-0.624343872
0.124847412
0.24974823
-0.5262146
1.605438232
-0.196228027
-1.15058136
-1.088127136
-0.437034607
0.124885559
-0.677886963
-0.026763916
-0.008918762
0.428115845
0.142715454
0.561912537
1.016799927
0.633255005
-1.132743835
-0.660018921
-0.08026123
0.098098755
0.347854614
0.16053772
-0.321090698
0.793800354
0.276519775
-1.1951828
0.874061584
-0.098083496
0.133773804
-0.365699768
-0.61541748
0.24974823
0.865150452
2.087120056
2.702476501
3.665817261
1.043540955
-3.139564514
-2.167366028
-0.071334839
0.686775208
2.675750732
-1.667877197
-0.107048035
1.284370422
-2.247642517
1.248680115
-0.463790894
-0.41027832
0.347831726
-1.141647339
-0.775970459
0.1248703
1.462760925
-0.365692139
1.221916199
0.178413391
0.321090698
0.18107605
2.393547058
0.017913818
-1.613624573
-0.179275513
-1.290931702
-1.658424377
0.295822144
-0.824737549
-0.797851563
-0.125495911
-0.017936707
0.681312561
0.475120544
-1.389511108
-0.358612061
-0.107543945
0.107543945
0.735122681
-1.362617493
-0.986106873
0.224105835
0.31375885
-1.246063232
0.143432617
0.367553711
-1.255058289
-0.242034912
0.233070374
0.107566833
-0.01789856
0.968147278
-0.215126038
0.412376404
1.425346375
0.99508667
-1.353645325
0.116516113
-1.506034851
0.125480652
-0.412368774
0.098625183
-0.250991821
-0.071716309
-0.143455505
0.412368774
-0.905410767
1.0129776
1.434356689
-1.739120483
0.753005981
0.573722839
0.815795898
-0.277893066
1.855682373
-0.331718445
-0.995071411
-1.362617493
1.398483276
1.595687866
-0.732955933
-0.838478088
-1.172035217
0.117195129
0.207374573
-1.009750366
0.721229553
0.91960144
1.406471252
-0.207366943
1.244163513
2.244888306
1.018768311
0.054107666
-0.604049683
2.289962769
-1.325309753
1.848228455
0.090164185
0.847465515
-0.333580017
-1.821151733
1.433479309
-1.307281494
0.991744995
-0.342582703
-2.145729065
-0.018043518
1.712966919
-0.522911072
-0.207351685
1.803115845
1.33430481
0.108215332
-0.054100037
1.045837402
-1.622840881
-1.550697327
-1.433486938
0.351608276
-0.018035889
-1.280212402
1.072868347
-0.450790405
-1.045814514
0.072120667
0.712249756
-2.109687805
-0.504867554
-0.450775146
-0.315551758
-0.189315796
1.144950867
-0.441764832
0.027053833
-1.550689697
0.108200073
0.317016602
-0.579689026
-0.715576172
-0.416656494
-0.09059906
0.027191162
0.76991272
0.027153015
-0.06337738
-1.041679382
-0.362304688
0.108703613
-0.597831726
0.3985672
0.92388916
-1.032592773
1.141273499
-0.271713257
0.262664795
-0.914848328
-1.114105225
0.036231995
0.045288086
-0.643112183
-0.271728516
-0.099624634
0.480049133
-0.135864258
0.23550415
-0.262680054
-0.235496521
0.869552612
0.561561584
-0.742729187
0.969192505
0.561599731
0.036224365
-0.344200134
-0.099632263
-1.132232666
0.878608704
0.036247253
0.824256897
-0.942016602
0.860473633
0.009056091
0.371391296
-0.724647522
0.117767334
-1.268104553
-0.69745636
0.018112183
-0.434745789
0.045280457
-0.262695313
-0.326080322
0.271720886
-0.507209778
-0.190231323
-0.344192505
0.199241638
1.014511108
0.806152344
0.17376709
0.100067139
-0.282028198
0.31842804
-0.655059814
-0.209251404
0.218360901
-1.337371826
3.575447083
1.883255005
-1.701293945
-1.692207336
-1.319206238
-0.191055298
0.727836609
-0.591369629
0.04549408
-1.519332886
-0.409416199
-0.827888489
0.054580688
-0.482200623
0.109176636
-0.282051086
0.200180054
-0.536766052
0.400283813
-0.482177734
0.263839722
-0.109169006
0.118270874
-0.127372742
-0.236549377
0.13646698
0.76423645
-0.373008728
-0.118309021
-0.836997986
0.063705444
-0.09098053
0.300216675
-0.509475708
0.100067139
-0.37298584
0.582252502
-0.127365112
-0.31842041
0.145553589
-0.027297974
-0.27293396
0.573181152
0.063667297
0.209243774
-0.554962158
0.163749695
0.291152954
-0.054588318
-0.518577576
-0.291130066
-0.136489868
0.263847351
2.547401428
-1.391960144
1.582511902
-0.009140015
-1.023925781
0.402244568
-0.146286011
0.045722961
-1.151916504
-0.740516663
0.585105896
0.804512024
-0.575958252
-0.594276428
0.996536255
-0.795387268
0.310844421
0.457099915
-0.393104553
-0.036575317
0.383972168
-0.548530579
1.353050232
-0.118865967
0.356582642
0.027397156
0.283409119
-0.585090637
-0.319969177
0.191986084
0.0365448
-0.502807617
0.4296875
0.301712036
0.338249207
0.329101563
-0.063987732
0.740516663
0.685668945
0.429664612
0.06401825
-2.157577515
-0.429679871
-1.243331909
-0.356552124
-0.036560059
-0.265136719
-0.795349121
0.146255493
-0.521095276
0.191986084
-0.77709198
-0.301689148
-0.146278381
-0.402244568
0.603378296
-0.146263123
0.246856689
0.429656982
0
-0.722236633
-0.530235291
-1.298217773
-0.383964539
-0.575958252
0.274261475
-0.621650696
0.969055176
-0.438796997
0.164543152
-0.301704407
-0.457206726
0.303588867
0.275993347
-0.165611267
-0.26676178
0.892326355
-0.00920105
0.395561218
-0.809532166
-0.818756104
0.211608887
-0.340377808
0.413978577
-0.082817078
-0.340362549
0.285186768
-0.266784668
0.478378296
-0.248405457
0.423179626
-0.367996216
0.285194397
-0.837150574
-0.929115295
0.156387329
0.174766541
0.735954285
-0.09198761
0.00920105
-0.073600769
-0.818725586
0.257575989
0.009185791
-0.1195755
-0.717552185
-0.459976196
-0.551933289
-0.404777527
-0.607162476
0.101203918
-0.165596008
-0.662338257
0.147171021
0.082824707
-0.184020996
-0.24836731
0.413978577
-1.508705139
0.726745605
-0.091972351
0.441551208
0.358787537
0.312759399
-0.055175781
-0.404800415
-0.082771301
0.404777527
-1.011932373
0.138000488
0.06438446
0.266777039
1.573074341
-0.14717865
0.036804199
-0.011100769
0.129371643
-0.776245117
-0.203277588
-0.415840149
0.194061279
0.277206421
-0.055427551
0.452796936
-0.351173401
0.083183289
-0.13860321
0.036964417
0.572921753
0.757766724
-0.96105957
0.240257263
0.092407227
-0.914855957
0.360397339
-1.182815552
-0.702293396
-0.02771759
-0.110900879
0.378883362
-0.295715332
0
0.277244568
-0.083190918
-0.563690186
0.175605774
0.036941528
-0.249511719
0.33266449
0.221786499
-0.609901428
0.064697266
2.051460266
-0.332672119
-0.803947449
-0.600654602
-0.19405365
-0.33266449
-0.480522156
0.018486023
0.184799194
0.036972046
-1.062705994
-0.378860474
0.147842407
0.295715332
-0.129379272
-0.203285217
0.092399597
0.018486023
-0.572929382
0.16633606
0.258743286
0.073913574
-0.9425354
0.794692993
0.134605408
-0.046409607
-0.28780365
-0.08354187
0.956199646
-1.086166382
0.928337097
-0.157798767
-0.278526306
-0.129951477
1.141830444
-0.798339844
-0.083572388
0.027839661
-0.826210022
-0.185661316
-0.519859314
0
-0.074249268
-0.677734375
-0.074234009
0.157806396
-0.009277344
-0.389907837
0.0835495
0.204246521
0.194946289
0.064979553
-0.241355896
0.111381531
0.269241333
-0.250656128
-0.232078552
0.324920654
0.129959106
1.726707458
-0.213523865
-1.188262939
0.11138916
-0.213516235
1.865959167
0.194953918
-0.167098999
-1.160423279
0.352760315
0.185676575
-0.278503418
-0.046424866
-0.046409607
-0.612709045
-0.798370361
-0.269210815
0.909767151
-0.324905396
0.055702209
0.08354187
-1.262550354
-0.454879761
-0.055702209
0.037117004
-0.22277832
-0.287773132
-0.055725098
-0.19493103
0.334197998
-0.09601593
0.195770264
-0.02797699
-0.652641296
-0.195785522
-0.391571045
-0.633995056
-0.242408752
-0.121200562
-0.643318176
0.083908081
0.242393494
-0.289024353
-0.167808533
0.149185181
-0.093238831
-0.083900452
-0.055931091
-0.15851593
-0.02797699
-0.661956787
0.522087097
-0.214401245
0.643302917
-0.158493042
-0.997627258
0.540771484
-0.251724243
-0.10256958
-0.027938843
-0.326370239
-0.233055115
0.214431763
-0.205108643
0.503471375
-0.01865387
-0.0652771
0.223770142
0.633995056
-1.11882782
0.233085632
-0.316978455
-0.85774231
0.093215942
-0.289009094
0.130516052
-1.239990234
0
-0.969665527
0.251731873
0.167831421
0.540748596
0.074584961
-0.503486633
-0.661941528
-0.298347473
-0.139816284
-0.01864624
0.596679688
-1.137466431
-0.885726929
0.522109985
0.009353638
-0.293243408
0.046829224
0.103012085
-0.046813965
-0.281066895
0.477813721
-0.908813477
-0.74949646
-0.496566772
-0.768264771
-0.299804688
-0.243606567
0.206100464
-1.11491394
-0.777664185
0.590270996
-1.227340698
0.234237671
-0.693313599
-1.068069458
-0.337310791
0.131149292
-0.056182861
-1.424102783
0.899429321
1.424087524
-0.046813965
0.05619812
2.876296997
5.209243774
-2.079940796
0.571487427
4.628364563
-1.705177307
-1.677108765
-0.402832031
-1.789535522
-1.583343506
-0.056228638
0.787033081
0.608963013
-0.084289551
-2.014373779
-1.386642456
1.677062988
1.45223999
1.54586792
-0.833831787
-1.461578369
-0.477813721
-0.112411499
-0.496612549
-2.192367554
0.074966431
0.833862305
0.674591064
0.177993774
-0.224884033
1.705245972
-0.196792603
0.112442017
3.211608887
2.681015015
-3.301925659
2.276550293
0.291610718
-1.730903625
2.906829834
-1.552185059
-1.42049408
-0.893676758
2.69985199
-0.423339844
-2.050758362
0.592689514
-1.034828186
0.366867065
-1.072387695
-1.364044189
-0.178771973
0.714981079
1.034790039
0.047042847
1.552154541
-0.141067505
-1.213531494
-0.084686279
0.940689087
-0.197509766
0.743164063
0.348068237
-1.646270752
-0.564407349
-0.047058105
-1.222900391
-1.138275146
-0.263412476
-0.065826416
0.799621582
-0.63973999
-0.037582397
0.291595459
-0.987762451
0.489196777
-0.348098755
0.216400146
0.253967285
1.307617188
-1.693344116
0.91255188
-1.373458862
-0.620864868
-0.197555542
-1.185272217
0.197509766
-0.460983276
-0.197525024
-0.282196045
0.507980347
-0.385681152
0.131713867
0.150482178
0.451538086
-0.310455322
0.93132019
-0.191757202
1.889434814
-0.302322388
1.237533569
-0.821868896
-0.094436646
-0.321228027
0.340087891
-1.124191284
-1.124206543
-1.228118896
-0.349517822
0.97303772
-1.114746094
-0.085021973
0.217269897
-0.623535156
-0.302261353
0.330627441
0.245635986
-0.217315674
-0.302276611
-1.171463013
0.226760864
1.105285645
0.897491455
-0.774673462
0.160598755
-0.812438965
-0.46295166
-0.623458862
-0.453475952
0.132263184
0.094497681
0.869094849
0.529037476
-0.90687561
1.095825195
-1.076980591
-0.510101318
-0.264526367
-0.519592285
-0.047241211
0.273986816
-0.869125366
-1.010879517
-0.084991455
-0.746337891
0.585754395
-0.056716919
0.198394775
0.462921143
0.425094604
0.32119751
-0.302261353
-0.472366333
-0.009490967
-0.708496094
-0.113372803
0.897476196
-0.755767822
-0.018890381
-1.095840454
0.141693115
0.519577026
0.075592041
0.547943115
-0.330673218
-0.060745239
-0.218338013
0.208831787
-0.189819336
1.205490112
0.911239624
0.104400635
0.246856689
4.451766968
2.8855896
-1.746536255
0.597991943
-2.942565918
0.037994385
1.974365234
0.351196289
0.531570435
0.787826538
4.129074097
-2.420501709
2.268630981
0.711914063
-2.002807617
-1.357391357
-1.490264893
0.541061401
-0.64553833
-0.75932312
-2.733718872
0.265777588
1.395355225
2.59135437
0.189804077
0.968215942
-1.480773926
-0.28477478
2.306610107
2.325561523
-0.626480103
0.692962646
-1.993377686
-0.161346436
-3.037521362
0.246810913
-0.958709717
-1.566192627
4.432830811
0.161331177
3.094497681
-0.142410278
0.028457642
-0.730880737
0.313232422
2.221183777
2.695747375
0.037963867
1.898422241
1.964881897
2.543891907
2.930252075
-5.499588013
-1.078910828
0.152763367
-1.145744324
-0.095489502
2.826187134
-3.943260193
-1.241233826
-1.279411316
-0.59198761
-0.620628357
-0.028625488
0.802017212
-1.374885559
-0.362854004
-1.0311203
-1.670883179
1.785430908
-0.133651733
-0.267333984
-1.212600708
0.954803467
0.181411743
-1.947769165
-1.155288696
-0.190979004
-0.945220947
-0.553787231
0.133682251
1.269851685
-0.133682251
-0.276885986
-1.661331177
-0.42010498
0.238708496
-1.479934692
-0.267349243
-0.286422729
0.467849731
-0.897506714
-0.200500488
0.257797241
-0.047729492
0.286422729
-0.916564941
0.639678955
0.2578125
1.040710449
1.059814453
0.276870728
-1.976409912
-0.458297729
-0.878387451
0.114562988
-0.639694214
-0.515594482
0.028656006
0.572845459
-1.62310791
2.921615601
0.094116211
-1.055953979
0.633575439
-0.604812622
-0.911941528
-1.612686157
0.009567261
-0.335968018
-0.297576904
-0.710357666
-0.124816895
0.854370117
-0.652770996
0.009613037
-0.950378418
0.115219116
-0.038421631
0.528015137
-0.211196899
-0.038406372
-1.430343628
0.191986084
0.239990234
-0.777557373
-0.211196899
-0.00958252
1.075119019
0.240020752
-1.545532227
0.460784912
2.486251831
0.230392456
0.451171875
-0.652755737
3.580612183
-1.247940063
-0.825576782
-1.267089844
0.998321533
0.998352051
-1.363098145
0.508758545
1.785507202
-0.335998535
1.21913147
0.940750122
-0.268768311
1.843093872
0.268798828
-3.023864746
-1.055938721
-0.777542114
-1.267150879
-0.78717041
0.134414673
0.191970825
-0.652740479
0.307159424
-0.103088379
-1.551269531
-0.491378784
-1.320022583
-0.019256592
0.809341431
1.368179321
0.269790649
-0.857543945
-1.002044678
-1.021331787
-0.337249756
-1.098388672
0.086685181
0.790100098
-0.260131836
-0.597381592
-0.202346802
-0.751541138
0.096343994
0.375762939
0.973144531
-0.539550781
0.838256836
-0.346878052
-0.982757568
-0.905715942
0.790084839
-1.069519043
0.356491089
0.14453125
1.61869812
1.358596802
1.175506592
4.278045654
-1.821060181
-0.154190063
-2.697860718
1.030975342
1.772872925
-2.023330688
4.15272522
-0.260131836
-2.119766235
-1.686157227
1.098419189
-1.204406738
0.125244141
3.622833252
-1.416366577
0.655212402
-1.002075195
-1.878860474
0.048187256
0.93460083
-1.522354126
-1.927047729
-0.028900146
-0.086746216
-0.14453125
-1.194763184
-0.443206787
0.14453125
0.300079346
-0.358139038
0.019348145
0.09677124
0.648529053
-0.077407837
1.364776611
-0.919555664
0.445281982
0.871109009
-0.67755127
1.906829834
2.342407227
-1.151824951
-1.868118286
0.571075439
2.332717896
-1.306732178
-0.919525146
-1.548690796
0.135528564
-1.432556152
0.271011353
-0.483947754
0.590423584
-0.958251953
0.445266724
-0.300033569
-0.406570435
-0.590438843
-0.900192261
0.029067993
-0.358139038
0.522689819
-1.597122192
-0.551712036
0.135513306
0.067733765
-0.512969971
-0.42590332
0.300048828
-0.261352539
-0.067718506
-0.154891968
-1.1615448
-0.087081909
-0.04838562
0.483963013
0.387191772
-0.338806152
-1.451873779
-0.329116821
-0.735656738
0.696914673
1.403518677
0.909851074
-0.98727417
-0.222640991
-1.36479187
0.493652344
0.135543823
-0.367858887
-1.267990112
0
-1.142150879
-0.05809021
-0.067764282
-0.687210083
-0.813049316
-0.096801758
-0.035049438
-0.768798828
0.145965576
0.866149902
-0.418487549
-1.323516846
1.021835327
-0.544998169
0.379562378
-0.788284302
-1.002365112
0.46711731
-1.099716187
0.087615967
-0.399032593
-1.39163208
-0.408737183
0.350357056
-0.097335815
-0.184921265
1.557113647
2.442672729
-1.547332764
0.107009888
-0.389266968
2.861160278
-1.401382446
-2.530273438
-1.605743408
-0.457382202
0.943984985
-1.206741333
-0.457397461
-1.041320801
0.068130493
-0.272476196
0.389251709
-0.846664429
0.50604248
1.712814331
5.440078735
4.885391235
0.856399536
6.753875732
0.992675781
-6.062911987
3.931640625
-5.936431885
5.148117065
2.773590088
11.76577759
-6.685775757
7.162658691
13.06011963
-11.03590393
15.05512238
-5.878013611
7.094490051
-0.856384277
4.768592834
3.19203186
-10.33520508
-1.644676208
-7.339027405
4.088104248
-3.765380859
1.828903198
5.819213867
-2.503723145
2.092948914
-8.440284729
-0.146713257
-4.537994385
-2.503723145
1.623504639
-4.088119507
3.256820679
-0.63571167
-3.853408813
2.269012451
4.273925781
-3.012268066
-0.019592285
-2.034255981
-2.454818726
0.440109253
-3.980529785
1.8777771
3.941421509
-0.528152466
-1.290985107
0.772659302
-1.828903198
-2.660217285
-0.019561768
3.070999146
2.836242676
-1.486587524
-0.841110229
-4.665145874
1.545288086
-2.660202026
0.880218506
-0.410766602
-2.03427124
-2.337478638
0.518356323
-0.498794556
-1.017150879
-1.144256592
-2.376602173
0.489013672
-3.960952759
-2.151657104
1.467025757
1.183410645
9.31072998
-2.053848267
-1.613708496
-2.924285889
0.753067017
-0.127105713
0.870391846
-1.066040039
-0.60635376
4.215240479
-1.827392578
3.556533813
-2.19090271
-2.240020752
-0.894042969
-0.61895752
-2.446334839
1.601409912
-1.277206421
0.972640991
-1.680007935
1.709472656
-2.053344727
-1.964935303
0.717193604
-0.609130859
-1.228103638
-0.461746216
-0.844940186
1.778274536
1.247756958
-1.375442505
1.178939819
-2.122146606
0.363555908
-0.825317383
-1.414733887
-0.648422241
-1.198638916
-0.805618286
-0.137542725
-0.461761475
1.345977783
-2.22038269
0.127731323
0.049133301
-0.717208862
-0.255432129
0.658248901
-0.481414795
-0.422454834
-1.621078491
-0.569839478
-1.552307129
-0.412612915
-1.208450317
0.392990112
-1.542510986
-2.348068237
6.189544678
1.463882446
4.784637451
-3.242156982
2.770568848
-0.058944702
-2.593719482
-0.96282959
0.560012817
1.395111084
1.630889893
2.004226685
-1.630889893
3.998657227
-0.343887329
-2.608291626
-2.989089966
0.937179565
-1.252853394
-1.40083313
1.321914673
-3.028579712
2.111114502
-2.949615479
-1.509338379
-1.460021973
-2.594482422
0.937164307
1.173934937
-0.059204102
0.315689087
2.505706787
-0.601745605
0.591873169
-1.223236084
-0.572174072
3.166641235
0.690551758
5.652664185
-1.558685303
1.765823364
-1.716491699
-3.196273804
-3.699371338
-3.580993652
0.088806152
-2.101242065
0.295944214
-1.450149536
1.775695801
-2.52545166
-2.209762573
0.414352417
1.933532715
-1.006240845
0.956924438
-1.479766846
-2.821365356
0.069015503
-0.651062012
1.460021973
-2.338012695
-0.157836914
-0.37487793
-1.874343872
0.20715332
-0.818786621
1.864471436
-0.276184082
0.335403442
0.532684326
-2.564880371
-0.266342163
-1.489624023
0.542572021
0.552429199
-0.039459229
-0.325546265
-0.318939209
-1.208404541
0.802307129
-0.515075684
-0.881546021
2.743713379
-1.535293579
-1.723495483
-3.100280762
-0.950881958
1.178710938
-0.693359375
-0.217910767
0.188186646
1.713592529
-1.782913208
-2.486160278
0.14855957
0.326873779
-0.564605713
0.723083496
4.774230957
-1.525360107
3.427124023
-3.278564453
-2.803131104
-0.297149658
-2.515884399
-1.129180908
-1.812637329
-0.079238892
0.089157104
-0.485351563
-1.059860229
0.366500854
0.42590332
1.178726196
-0.465545654
1.94140625
0.029708862
-2.268264771
5.33883667
0.792404175
-5.091217041
1.911682129
2.902191162
3.139892578
-3.526199341
0.970703125
-3.070571899
-1.436233521
-2.644668579
-0.406097412
-1.436233521
0.832046509
-0.782516479
3.763931274
-0.257537842
-1.099456787
2.327682495
1.673950195
-1.48274231
-3.299453735
0.964004517
0.059616089
-1.242263794
-2.573944092
-2.42489624
-0.079498291
0.178894043
-1.222396851
-1.282012939
-0.059631348
-0.596282959
0.477020264
-2.265869141
-0.546585083
1.411209106
1.967727661
-2.534210205
1.679534912
-2.583908081
-0.785110474
0.099395752
0.029815674
-0.824874878
1.590087891
-0.377624512
1.619888306
0.039764404
-1.093200684
-1.828598022
2.554092407
1.729217529
4.800094604
-2.295684814
-3.597579956
0.457122803
1.669616699
0.616149902
-2.295700073
0.119262695
-2.156555176
0.596282959
-0.775177002
-0.397521973
-0.367706299
-0.089447021
-0.288208008
0.964004517
-1.878295898
-0.178894043
-0.44720459
0.616165161
-0.963989258
-0.645996094
-0.337890625
0.576416016
1.093200684
0.208694458
2.703140259
-2.971481323
-1.242263794
0.08946228
-1.490310669
-0.827392578
-0.249206543
-0.009963989
-0.009979248
-1.206192017
-1.236099243
0.488464355
-0.299057007
1.89402771
-2.691513062
-0.628005981
1.256027222
0.309020996
0.787521362
1.754455566
3.150054932
-3.778076172
-1.993713379
-0.18939209
-2.242919922
-0.458557129
1.226135254
-0.348892212
-0.996856689
1.345748901
0.319000244
-1.61491394
1.016799927
-1.614898682
-0.279129028
0.08972168
-0.149520874
-0.44859314
-0.637985229
-0.129592896
-0.08972168
1.704620361
2.272827148
0.169464111
-2.023605347
-2.203063965
-0.81741333
-0.657913208
1.545120239
-2.472198486
-0.877227783
0.438613892
-0.408706665
-0.787506104
0.079742432
1.006820679
0.54826355
0.807449341
1.834213257
-0.518371582
1.385635376
-1.884063721
0.209350586
1.844177246
3.957504272
0.019943237
-2.262863159
-2.761276245
-0.274002075
0.5
4.800003052
-0.150009155
2.430007935
-3.059997559
3.38999939
-2.070007324
-0.929992676
-2.160003662
0.5
1.630004883
0.159988403
-1.019989014
-3.75
-1.36000061
-0.840011597
-1.689987183
-0.910003662
-0.63999939
0.449996948
-1.440002441
0.089996338
1.61000061
-2.5
-0.309997559
-1.179992676
-0.740005493
-1.690002441
-0.909988403
-0.930007935
-0.399993896
0.699996948
2.380004883
-0.290008545
-1.779998779
0
-1.039993286
1
-0.380004883
0.690002441
1.159988403
-0.079986572
-0.810012817
5.220001221
-2.220001221
4.760009766
3.289993286
-3.739990234
2.709991455
-2.970001221

